y

TO RECEIVE THE DATA IT IS VERY IMPORTANT TO HAVE GOOD ELECTRICAL CONNECTION
     ***  DURING THE ENTIRE DATA TRANSFER!!!  ***


   ARE YOU READY (y/n)?>y
TYPE DATE.  Please use format: dd/mm/yy.
Do not use BACKSPACE key.  This is a terminal (not a word processor).
>13/07=7/09
TYPE TIME (GMT  +/- 2 minutes). Please use format: hh:mm.
>00:31
   Please wait for prompt ">".

The timer value is:  0009D 13H 27M 21S
07 9F 22 92 27 A7 21 92 28 11 03 89 93 34 B4 28 03 87 FA FC 2B 02 0D 18 1D 
1E 23 20 22 B5 23 1F 1B 11 02 01 88 04 07 16 92 22 93 23 08 10 0B AF 26 1E 
08 28 93 27 07 29 22 80 FA FC 2E 1D 98 15 0D BB 11 89 02 06 14 1E 25 0C 10 
0A 14 0F 17 B0 19 02 01 7F FA FC 01 06 A9 29 9B 28 23 25 24 26 22 1A 1A 17 
12 09 08 08 03 2C 0D 7C 01 18 A7 1B AE 06 29 0B 80 02 0F 1C FA FC BD 8A 92 
29 93 35 06 36 9D 0A 2B 96 04 2B 92 29 9F 31 92 


07 7F 00 01 3E 80 3E 00 03 80 45 02 BA 80 87 00 08 80 59 00 04 80 02 00 02 
80 10 0E 39 80 18 06 10 FB 03 50 83 67 10 93 81 52 32 ED FB 05 60 82 B4 00 
03 80 21 04 20 FA FC 20 B7 80 AB 0F 39 80 22 00 04 80 1C 00 04 80 24 00 22 
80 0F 00 05 80 0D 00 29 80 27 00 06 80 0E 00 1B 80 21 00 0B 80 76 00 09 80 
DB 00 11 80 57 00 30 80 2D 00 02 80 02 00 02 80 11 00 02 80 0F 00 04 80 0C 
00 19 80 1D 00 04 80 44 00 07 80 93 00 07 80 6C 00 06 80 95 00 08 80 8C 00 
02 80 64 00 2C 81 01 00 1A 80 29 00 1B 81 7C 00 26 80 F3 00 1E 80 5F 00 1B 
81 59 00 31 80 39 00 0A 80 07 00 1F 80 76 00 3A 80 B2 00 03 81 30 00 02 80 
16 00 36 81 C0 00 03 80 2B 00 03 80 67 00 44 80 53 00 02 81 8C 00 0A 80 0D 
00 2B 80 36 0A D1 80 02 00 02 80 22 00 02 80 3A 0B 4C 80 95 00 02 80 2B 06 
07 80 16 00 0C 80 1F 00 07 80 53 00 0D 80 DB 00 44 80 0F 00 79 80 07 00 02 
80 02 00 7F FB 05 E0 82 E0 10 53 80 0E 12 9F 80 34 00 05 80 ED 07 16 80 26 
19 A1 81 BE 0C 28 80 09 00 30 80 28 00 0A 80 04 00 04 80 03 00 0C 80 0C 00 
10 80 04 00 1A 80 27 00 33 80 2A 00 21 80 42 00 05 80 20 00 0A 80 0D 00 05 
80 29 00 10 80 35 00 16 80 2D 00 15 81 22 00 79 80 42 00 18 80 1B 00 1C FB 
06 D0 85 72 00 02 FB 06 D0 86 5D 0C F2 FB 06 D0 82 C4 00 02 80 03 00 06 80 
49 00 08 80 08 00 0B 80 02 00 05 80 02 00 02 80 51 00 11 80 02 00 08 FB 06 
D0 82 32 00 02 FB 06 D0 82 01 00 02 80 22 00 02 80 13 00 02 80 07 00 03 80 
0F 00 02 80 B1 00 02 FB 06 D0 82 D8 00 02 81 DE FA FC 80 91 03 3E 80 06 00 
14 80 10 00 38 80 10 00 07 80 13 00 06 80 18 00 05 80 05 00 18 80 14 00 35 
80 2D 00 38 80 10 00 2F 80 5F 00 6E 80 53 00 3B FB 06 D0 82 75 03 55 80 06 
00 08 80 09 00 32 80 1A 00 14 80 08 00 0A 80 0B 00 27 80 12 00 23 80 32 00 
48 80 57 00 02 FB 07 20 85 7D 00 04 80 08 00 02 80 07 00 05 80 02 00 05 80 
0F 00 03 80 3F 02 C7 80 B3 00 33 80 4C 00 0E 80 27 00 13 FB 06 D0 8B B1 02 
16 80 15 00 02 80 15 00 17 80 35 00 02 80 0C 00 02 80 09 00 39 FB 07 80 83 
89 00 04 80 03 00 02 FB 07 90 92 AA 00 02 80 0A 00 02 FB 07 A0 82 38 00 04 
80 3C 00 08 FB 07 A0 89 E1 00 03 FB 07 A0 83 22 03 78 80 F3 00 04 80 02 00 
0D 80 A3 00 08 80 02 00 04 80 04 00 05 80 02 00 05 80 02 00 05 80 02 00 08 
80 0B 00 05 80 02 00 02 80 D8 0E 18 80 88 00 02 80 08 00 09 80 2E 00 02 FB 
06 C0 8B 02 00 20 81 5D 00 04 80 57 00 02 80 B4 00 26 81 B8 00 4C 80 36 13 
AA 80 79 1D B2 81 3E 00 03 80 03 00 11 FB 07 00 82 D1 00 06 80 03 00 02 80 
F5 18 AC 80 10 02 19 80 3D 03 4D 81 27 00 26 81 9D 10 4C 80 19 00 02 80 B5 
00 02 80 57 00 02 80 62 08 9D 80 17 02 67 FA FC 01 18 80 0F 0A 05 80 1A 03 
ED 81 30 00 12 80 8A 1A 7C 81 34 03 C3 81 29 00 1F FB 0B 40 83 26 00 02 81 
16 00 03 80 04 00 02 80 09 00 02 80 09 00 29 80 02 00 05 81 0E 01 91 80 14 
00 7A 80 1E 00 18 80 0D 00 09 80 C0 07 E2 80 12 00 09 80 71 00 02 80 3B 00 
32 80 1F 00 2A 80 0D 00 05 80 02 00 37 80 26 00 1E 80 06 00 64 80 02 00 16 
80 0B 00 18 80 12 00 AF 80 12 00 02 81 EC 02 87 80 03 0A BF 81 9B 0E 34 80 
04 02 B7 81 02 00 02 80 06 00 04 80 08 00 02 80 03 00 03 80 4E 00 02 80 7E 
07 BD 80 16 04 B8 80 51 00 02 80 5D 00 02 81 C1 00 18 80 20 00 06 80 02 00 
05 80 04 00 0D 80 13 00 21 80 72 03 CC 80 1F 02 7B 80 48 04 55 81 03 00 8E 
80 A0 00 6D 80 59 05 5A 80 58 00 02 80 04 0B 64 80 66 00 10 80 46 00 09 80 
16 03 33 80 03 01 E6 80 1C 00 10 FB 0B 10 8E 66 00 05 80 AA 00 33 81 30 01 
0F 80 D9 06 54 80 EC 09 9D 80 86 24 EA FA FC 0B 39 80 72 09 26 80 58 07 10 
80 8F 04 1C 81 27 05 24 FB 03 10 96 46 00 3E FB 03 10 86 26 00 02 80 18 00 
AB FB 03 20 82 B3 6D C3 
The timer value is:  0009D 13H 27M 54S

You may type up to one line of text (eg. comments, recorder & animal ID, etc.).
>WA JULY GPS AR18 13 N295

Do you want to STOP COLLECTING DATA AND SEND THIS RECORDER TO SLEEP (y/n)?>