#	Onset		MinTemp	Integral	#SmallDrops	Onset temp.	Duration	Comment	Int. drop 1			Int. drop 2			Int. drop 2			Int. drop 3			Int. drop 4			Int. drop 5			Int. drop 6			Int. drop 7	
 440	04.06.2009	01:37:00	34.66	   25.719	  0	38.38	14.67		
 441	04.06.2009	04:06:00	36.58	   14.742	  0	39.12	16.33		
 442	04.06.2009	04:23:40	35.96	   16.624	  0	39.12	20.00		
 443	04.06.2009	05:15:40	37.39	    7.762	  0	39.12	10.33		
 444	04.06.2009	06:12:20	36.46	   11.562	  0	38.93	14.00		
 445	04.06.2009	07:08:20	37.20	   16.094	  0	39.43	16.00		
 446	04.06.2009	07:49:40	37.63	    6.353	  0	39.00	10.00		
 447	04.06.2009	08:28:00	38.01	    6.066	  0	39.06	 9.33		
 448	04.06.2009	08:54:20	35.28	   21.339	  0	38.63	12.33		
 449	04.06.2009	09:19:00	31.05	  362.579	  1	38.63	136.33		3240.00	32.98	11.311	
 450	04.06.2009	11:48:20	36.52	   28.835	  0	38.44	34.00		
 451	04.06.2009	12:38:40	36.95	   19.906	  0	38.56	17.67		
 452	04.06.2009	17:34:20	36.64	   12.560	  0	38.81	20.00		
 453	04.06.2009	21:03:20	24.05	  510.077	  0	38.81	73.00		
 454	05.06.2009	12:07:40	35.53	   26.808	  0	38.69	14.33		
 455	05.06.2009	13:59:00	29.55	  188.794	  1	38.01	74.67		980.00	30.55	13.995	
 456	05.06.2009	17:44:00	25.18	  674.078	  0	38.50	143.67		
 457	06.06.2009	05:58:40	36.58	    9.979	  0	38.44	17.67		
 458	06.06.2009	06:32:20	37.51	    4.061	  0	38.25	11.67		
 459	06.06.2009	08:32:00	36.08	   15.017	  0	38.44	21.33		
 460	06.06.2009	13:02:00	37.14	    7.358	  0	38.07	17.33		
 461	07.06.2009	01:09:00	36.95	    9.351	  0	39.24	 8.67		
 462	07.06.2009	03:44:40	38.01	   13.713	  0	39.37	15.00		
 463	07.06.2009	04:39:00	35.77	   15.639	  0	38.63	17.67		
 464	07.06.2009	06:21:20	20.79	  630.713	  0	38.56	105.33		
 465	07.06.2009	08:06:40	33.23	   73.832	  1	37.08	42.00		580.00	33.41	 2.608	
 466	07.06.2009	14:43:40	37.14	   13.003	  0	38.93	10.33		
 467	07.06.2009	15:10:00	35.03	   23.853	  0	38.25	15.00		
 468	08.06.2009	00:03:20	36.39	   17.272	  0	39.49	10.00		
 469	08.06.2009	05:27:20	36.52	   19.701	  0	38.44	23.00		
 470	08.06.2009	06:21:20	31.11	   74.998	  0	38.07	21.33		
 471	08.06.2009	06:42:40	36.64	    2.398	  0	37.63	 4.33		
 472	08.06.2009	07:13:20	36.89	   18.568	  0	39.37	16.33		
 473	08.06.2009	07:50:20	35.59	   41.045	  0	39.49	26.33		
 474	08.06.2009	08:48:20	35.96	  126.529	  0	39.18	80.00		
 475	08.06.2009	13:17:00	34.66	  196.748	  0	38.93	97.00		
 476	08.06.2009	15:54:40	37.32	    3.697	  0	38.63	 5.00		
 477	08.06.2009	21:07:40	36.52	   14.390	  0	38.50	21.67		
 478	09.06.2009	03:29:40	34.41	   80.085	  0	39.00	35.33		
 479	09.06.2009	14:50:00	24.80	  417.725	  2	37.63	103.33		1560.00	29.99	39.553	6080.00	35.22	 1.736	
 480	09.06.2009	16:32:40	30.36	  191.745	  0	36.39	56.33		
 481	10.06.2009	01:03:00	26.06	  324.474	  0	36.52	76.00		
