#	Onset		MinTemp	Integral	#SmallDrops	Onset temp.	Duration	Comment	Int. drop 1			Int. drop 2			Int. drop 2			Int. drop 3			Int. drop 4			Int. drop 5			Int. drop 6			Int. drop 7	
 520	04.07.2009	13:34:00	36.56	   25.190	  0	39.29	20.33		
 521	04.07.2009	17:24:40	27.86	  242.301	  0	38.67	59.00		
 522	04.07.2009	18:40:40	30.35	  261.153	  0	39.65	42.33		
 523	04.07.2009	23:01:40	37.37	   17.351	  0	39.78	22.67		
 524	05.07.2009	09:36:40	35.76	   14.849	  0	38.97	 7.33		
 525	05.07.2009	10:01:40	33.58	   18.591	  0	37.99	17.00		
 526	05.07.2009	17:50:40	25.92	  124.120	  0	38.36	46.67		
 527	05.07.2009	21:10:40	34.08	  127.693	  0	40.03	45.00		
 528	05.07.2009	22:23:20	34.45	   26.762	  0	39.65	14.33		
 529	05.07.2009	23:30:00	37.99	    5.952	  0	39.96	 8.33		
 530	06.07.2009	03:53:00	30.35	   62.368	  0	38.60	20.00		
 531	06.07.2009	07:59:20	26.98	  444.616	  1	39.72	98.00		2400.00	27.36	36.102	
 532	06.07.2009	16:14:00	36.31	   13.268	  0	38.79	11.33		
 533	06.07.2009	23:11:20	35.13	   22.805	  0	38.36	14.00		
 534	07.07.2009	02:06:40	28.48	  329.036	  0	39.10	59.00		
 535	07.07.2009	03:21:00	34.02	   12.419	  0	36.75	12.00		
 536	07.07.2009	03:44:40	35.63	    9.337	  0	37.43	13.33		
 537	07.07.2009	04:12:20	35.88	   17.077	  0	38.05	15.33		
 538	07.07.2009	05:21:40	33.27	   36.857	  0	38.54	22.33		
 539	07.07.2009	08:13:00	35.69	   41.168	  0	39.59	17.67		
 540	07.07.2009	10:04:40	33.40	   41.225	  0	38.42	42.67		
 541	07.07.2009	12:02:20	32.65	  179.217	  0	40.40	42.33		
 542	07.07.2009	14:40:40	35.94	   33.944	  0	39.10	27.00		
 543	07.07.2009	15:58:40	34.27	  112.399	  0	39.41	72.67		
 544	07.07.2009	18:18:00	34.64	   35.541	  0	39.10	28.33		
 545	07.07.2009	19:08:00	32.71	  228.670	  0	38.79	96.00		
 546	07.07.2009	21:58:20	35.82	   24.886	  0	38.42	31.67		
 547	07.07.2009	22:41:20	35.88	   26.564	  0	38.54	42.33		
 548	07.07.2009	23:59:40	36.00	   23.629	  0	38.60	29.00		
 549	08.07.2009	02:39:40	36.07	   22.630	  0	38.73	25.67		
 550	08.07.2009	07:59:40	35.76	   10.688	  0	38.17	10.67		
 551	08.07.2009	09:43:20	36.25	   10.341	  0	38.30	 9.67		
 552	08.07.2009	21:05:00	32.65	   35.179	  0	37.92	16.00		
 553	09.07.2009	04:30:20	16.64	  839.864	  0	37.49	104.33		
 554	09.07.2009	08:30:40	29.54	   66.554	  0	38.17	21.00		
 555	09.07.2009	14:13:00	21.85	  435.823	  2	38.23	73.00		460.00	23.42	 2.546	940.00	24.54	 4.062	
 556	09.07.2009	20:04:40	27.11	  280.844	  1	38.23	66.00		780.00	27.54	 3.927	
 557	09.07.2009	23:02:40	30.47	   70.081	  0	38.23	28.33		
 558	10.07.2009	01:31:00	28.85	  311.302	  0	39.65	71.67		
 559	10.07.2009	04:43:00	27.29	  323.465	  0	38.42	81.67		
 560	10.07.2009	10:32:40	31.97	  124.512	  0	37.99	57.33		
 561	10.07.2009	13:03:20	20.16	  579.807	  1	38.42	90.00		2000.00	26.55	75.182	
 562	10.07.2009	20:01:00	22.92	  452.843	  0	38.30	78.33		
 563	10.07.2009	23:11:00	22.60	  360.394	  0	37.86	83.33		
 564	11.07.2009	01:08:40	29.54	  154.609	  0	38.30	57.00		
 565	11.07.2009	03:21:40	19.84	  310.136	  0	38.48	53.67		
 566	11.07.2009	15:22:00	31.91	  315.862	  0	38.79	107.00		
 567	12.07.2009	00:58:20	36.44	   30.708	  0	38.54	23.67		
