#	Onset		MinTemp	Integral	#SmallDrops	Onset temp.	Duration	Comment	Int. drop 1			Int. drop 2			Int. drop 2			Int. drop 3			Int. drop 4			Int. drop 5			Int. drop 6			Int. drop 7	
 568	04.07.2009	06:46:40	34.79	   23.737	  0	38.26	23.67		
 569	04.07.2009	13:09:20	17.87	  355.278	  2	39.13	38.67		1540.00	28.31	20.481	2320.00	34.79	 0.145	
 570	04.07.2009	13:48:00	33.98	    2.650	  0	35.23	 4.00		
 571	04.07.2009	17:15:20	28.94	  221.095	  0	39.00	53.00		
 572	04.07.2009	18:37:40	26.93	  176.745	  0	39.56	44.67		
 573	04.07.2009	23:25:20	34.67	   27.681	  0	38.45	12.67		
 574	04.07.2009	23:38:00	30.81	   56.549	  0	37.77	25.33		
 575	05.07.2009	00:54:00	29.19	   93.164	  0	38.69	21.67		
 576	05.07.2009	01:15:40	26.31	  421.004	  1	37.02	77.33		1120.00	27.43	20.215	
 577	05.07.2009	03:23:00	29.00	  515.146	  1	38.88	135.00		2460.00	30.50	56.065	
 578	05.07.2009	14:07:20	35.23	   14.575	  0	38.14	18.33		
 579	05.07.2009	16:22:20	27.37	   49.949	  0	37.83	14.67		
 580	05.07.2009	16:59:20	31.62	   59.947	  0	38.69	23.33		
 581	05.07.2009	21:44:40	36.47	   12.528	  0	38.39	16.00		
 582	05.07.2009	23:52:20	23.67	  307.255	  0	38.63	35.33		
 583	06.07.2009	01:34:20	24.74	  200.256	  0	38.51	28.33		
 584	06.07.2009	02:02:40	23.74	  311.508	  0	36.15	53.33		
 585	06.07.2009	04:52:00	31.37	  367.478	  0	38.57	109.00		
 586	06.07.2009	10:05:20	26.93	  954.353	  1	39.31	137.33		5020.00	29.25	202.012	
 587	06.07.2009	13:53:00	31.31	  104.325	  0	38.45	41.33		
 588	06.07.2009	15:48:40	32.49	   84.850	  0	38.88	27.00		
 589	06.07.2009	16:15:40	28.81	  257.297	  0	37.77	54.00		
 590	06.07.2009	18:06:00	34.23	   39.319	  0	37.27	27.33		
 591	06.07.2009	18:41:00	34.54	   60.385	  0	37.83	44.00		
 592	06.07.2009	23:49:20	31.37	  331.775	  0	38.45	74.67		
 593	07.07.2009	01:03:40	34.85	  106.348	  0	37.64	58.00		
 594	07.07.2009	02:38:00	31.06	  259.983	  0	38.57	96.00		
 595	07.07.2009	05:00:20	28.62	  279.190	  0	38.57	60.00		
 596	08.07.2009	05:55:00	36.59	   13.162	  0	38.57	11.67		
 597	08.07.2009	08:32:00	29.62	  103.721	  0	38.45	41.33		
 598	08.07.2009	10:40:20	12.74	  774.381	  1	38.14	81.67		740.00	17.12	12.818	
