#	Onset		MinTemp	Integral	#SmallDrops	Onset temp.	Duration	Comment	Int. drop 1			Int. drop 2			Int. drop 2			Int. drop 3			Int. drop 4			Int. drop 5			Int. drop 6			Int. drop 7	
 617	06.08.2009	16:05:00	36.03	    3.712	  0	38.14	 5.67		
 618	06.08.2009	17:02:20	36.34	   17.796	  0	39.06	13.33		
 619	06.08.2009	18:18:40	34.98	   43.954	  0	38.88	33.67		
 620	07.08.2009	00:54:00	35.97	   17.506	  0	38.01	19.33		
 621	07.08.2009	03:47:20	24.30	  164.133	  0	38.01	34.33		
 622	07.08.2009	06:37:40	25.74	  200.803	  2	38.32	31.33		520.00	27.69	 0.229	1880.00	35.22	 0.558	
 623	07.08.2009	07:09:00	17.69	  767.285	  0	36.90	101.00		
 624	07.08.2009	13:16:40	31.62	   34.529	  0	39.37	11.33		
 625	07.08.2009	14:03:40	36.09	   12.971	  0	39.31	 9.00		
 626	07.08.2009	16:16:00	32.74	   79.528	  0	40.61	18.67		
 627	07.08.2009	19:09:20	35.60	   44.080	  0	39.74	32.67		
 628	07.08.2009	20:22:20	35.60	   31.911	  0	39.68	13.33		
 629	07.08.2009	20:57:20	37.08	    7.073	  0	38.57	 8.33		
 630	07.08.2009	22:36:20	37.46	    3.036	  0	38.26	 7.67		
 631	08.08.2009	00:03:00	29.25	  125.695	  0	40.55	21.67		
 632	08.08.2009	01:17:20	37.58	    3.794	  0	38.57	 5.67		
 633	08.08.2009	02:24:00	37.77	    6.023	  0	39.00	 9.33		
 634	08.08.2009	02:44:20	34.73	   72.720	  2	40.36	22.33		680.00	35.97	 7.778	1320.00	38.08	 0.680	
 635	08.08.2009	03:06:20	33.24	   75.720	  0	39.81	32.33		
 636	08.08.2009	04:01:00	37.58	   10.054	  0	39.25	18.67		
 637	08.08.2009	04:41:40	38.38	   11.414	  0	39.81	25.67		
 638	08.08.2009	05:18:20	34.79	   69.968	  0	40.42	26.67		
 639	08.08.2009	05:45:00	38.38	    2.903	  0	39.50	 3.33		
 640	08.08.2009	07:24:00	36.40	   21.100	  0	39.99	14.00		
 641	08.08.2009	07:53:40	38.63	    3.109	  0	39.56	 5.00		
 642	08.08.2009	10:02:20	36.40	   30.081	  0	39.93	30.33		
 643	08.08.2009	11:00:40	37.08	   30.336	  0	39.68	23.00		
 644	08.08.2009	11:48:40	30.06	   89.499	  0	39.31	46.33		
 645	08.08.2009	13:47:00	39.00	    1.666	  0	39.68	 4.33		
 646	08.08.2009	13:59:40	37.89	    3.645	  0	39.74	 3.67		
 647	08.08.2009	14:18:20	38.82	    0.887	  0	39.37	 4.00		
 648	08.08.2009	14:44:20	39.00	    3.112	  0	39.87	 7.00		
 649	08.08.2009	15:45:40	31.06	   44.596	  0	39.13	19.67		
 650	08.08.2009	22:43:40	37.58	    1.879	  0	38.26	 6.00		
 651	09.08.2009	01:23:20	29.87	  164.314	  0	38.63	75.67		
 652	09.08.2009	03:33:40	19.77	  786.559	  0	38.57	95.00		
 653	09.08.2009	07:32:40	38.32	    1.030	  0	39.19	 3.00		
 654	09.08.2009	10:55:40	30.06	  176.999	  2	38.32	64.00		1300.00	31.12	26.613	3840.00	34.54	 1.054	
 655	09.08.2009	11:59:40	25.30	  245.118	  1	37.70	96.00		680.00	30.18	18.062	
 656	09.08.2009	16:06:20	28.75	  235.699	  0	38.32	72.67		
 657	10.08.2009	03:15:00	29.56	  160.212	  0	37.83	53.67		
 658	10.08.2009	04:08:40	30.62	   70.585	  0	36.78	34.00		
 659	10.08.2009	05:16:20	34.42	   45.136	  0	37.64	45.67		
 660	10.08.2009	08:39:40	34.79	   16.372	  0	38.20	14.33		
 661	10.08.2009	10:46:00	32.43	   93.353	  0	38.08	48.33		
 662	10.08.2009	12:12:00	32.49	  112.121	  0	38.20	53.67		
 663	10.08.2009	14:39:20	30.31	   43.458	  0	38.20	22.67		
 664	10.08.2009	15:25:00	21.91	  674.647	  0	38.20	96.33		
 665	10.08.2009	20:05:20	31.62	  172.616	  0	37.64	44.00		
 666	11.08.2009	08:09:40	28.12	  180.472	  0	37.95	64.33		
 667	11.08.2009	11:21:40	28.81	  139.096	  2	38.14	38.33		180.00	29.06	 1.041	2300.00	35.35	 0.579	
 668	11.08.2009	12:00:00	24.93	  314.495	  0	37.08	80.00		
 669	11.08.2009	14:06:00	28.06	  392.151	  0	37.64	77.33		
 670	11.08.2009	15:23:00	33.17	   70.710	  0	36.59	39.33		
 671	12.08.2009	10:36:40	20.53	  719.201	  2	38.01	92.33		2300.00	20.78	 3.249	5540.00	35.22	 0.269	
 672	12.08.2009	12:09:00	28.56	  144.750	  0	36.03	46.33		
 673	12.08.2009	13:47:40	26.68	  125.857	  0	37.52	38.33		
 674	12.08.2009	17:11:20	33.80	  111.496	  0	37.83	72.33		
 675	13.08.2009	03:54:00	35.91	    8.540	  0	37.21	20.33		
 676	13.08.2009	06:52:20	36.59	    7.240	  0	37.70	20.67		
 677	13.08.2009	07:13:00	19.58	  413.258	  0	37.58	100.67		
 678	13.08.2009	09:53:00	22.86	  725.352	  1	37.83	131.00		960.00	23.67	211.616	
 679	13.08.2009	19:40:40	28.69	  249.910	  0	37.83	68.00		
 680	14.08.2009	01:59:40	32.62	   94.346	  0	38.14	27.33		
 681	14.08.2009	02:55:20	35.60	    4.984	  0	36.65	11.33		
 682	14.08.2009	08:34:20	25.37	  405.550	  0	37.64	112.33		
 683	14.08.2009	18:29:00	34.29	  135.835	  0	39.19	71.33		
