#	Onset		MinTemp	Integral	#SmallDrops	Onset temp.	Duration	Comment	Int. drop 1			Int. drop 2			Int. drop 2			Int. drop 3			Int. drop 4			Int. drop 5			Int. drop 6			Int. drop 7	
 709	07.08.2009	13:28:40	32.12	   26.900	  0	38.69	13.67		
 710	08.08.2009	06:50:40	22.60	  753.370	  0	37.77	170.67		
 711	08.08.2009	11:35:20	26.06	  199.459	  0	37.27	66.33		
 712	08.08.2009	20:33:20	37.33	    4.144	  0	38.57	 4.00		
 713	09.08.2009	00:08:20	30.31	   53.585	  0	37.58	45.00		
 714	09.08.2009	06:11:00	30.81	   66.884	  0	37.52	38.00		
 715	09.08.2009	09:26:40	22.60	  469.005	  2	37.83	61.33		1380.00	25.43	47.577	3660.00	35.47	 0.393	
 716	09.08.2009	10:28:00	27.94	   88.021	  0	36.15	31.00		
 717	09.08.2009	17:38:40	33.24	  104.770	  0	37.95	38.33		
 718	09.08.2009	19:43:40	23.86	  250.804	  0	38.14	59.33		
 719	10.08.2009	01:03:20	29.87	  214.113	  1	37.70	75.00		1040.00	31.24	12.468	
 720	10.08.2009	02:39:20	27.00	  442.511	  1	37.70	122.67		4320.00	31.56	19.481	
 721	10.08.2009	12:01:20	23.36	  308.987	  0	37.70	75.33		
 722	10.08.2009	15:03:20	34.54	   39.609	  0	37.70	37.67		
 723	10.08.2009	15:59:40	30.31	   78.412	  0	37.70	38.00		
 724	10.08.2009	16:37:40	33.55	   91.419	  0	37.33	47.33		
 725	10.08.2009	18:12:20	33.30	   38.699	  0	36.71	29.67		
 726	11.08.2009	03:19:40	25.56	  135.120	  0	37.21	47.33		
 727	11.08.2009	08:06:20	35.10	   68.813	  0	37.83	55.67		
 728	11.08.2009	09:10:00	25.05	  759.829	  2	37.21	154.00		3000.00	27.00	183.698	9760.00	37.46	 0.021	
 729	11.08.2009	11:53:00	30.43	  285.949	  0	37.46	87.67		
 730	11.08.2009	13:55:40	31.56	   86.428	  0	37.27	46.33		
 731	12.08.2009	07:02:40	30.87	  436.465	  0	38.20	146.33		
 732	12.08.2009	17:30:40	31.93	  277.004	  0	37.64	94.67		
 733	13.08.2009	08:46:00	29.62	  293.276	  0	38.45	89.33		
 734	13.08.2009	21:11:00	35.91	   14.315	  0	37.95	17.67		
