#	Onset		MinTemp	Integral	#SmallDrops	Onset temp.	Duration	Comment	Int. drop 1			Int. drop 2			Int. drop 2			Int. drop 3			Int. drop 4			Int. drop 5			Int. drop 6			Int. drop 7	
 735	12.08.2009	18:17:40	33.15	   89.237	  0	38.36	38.33		
 736	13.08.2009	07:45:00	24.42	  521.466	  0	39.04	97.33		
 737	13.08.2009	18:24:20	28.36	  146.996	  0	38.05	48.00		
 738	13.08.2009	23:50:40	33.02	   64.740	  0	38.36	32.33		
 739	14.08.2009	01:44:40	36.13	   15.383	  0	38.48	14.33		
 740	14.08.2009	02:26:00	36.50	   19.209	  0	38.54	25.00		
 741	14.08.2009	04:00:40	36.19	   25.752	  0	38.36	29.00		
 742	14.08.2009	04:41:00	17.20	  644.096	  2	38.23	83.33		1140.00	22.79	 0.752	1480.00	24.67	 1.857	
 743	14.08.2009	09:21:00	21.79	  830.341	  1	38.91	140.33		2040.00	27.98	 5.860	
 744	14.08.2009	12:22:00	25.23	  252.180	  2	38.73	60.00		1120.00	32.40	 1.862	3420.00	36.00	 2.190	
 745	14.08.2009	13:22:00	31.90	   64.440	  0	36.68	29.00		
 746	14.08.2009	15:49:20	27.73	  265.608	  1	38.48	69.33		1560.00	32.71	51.113	
 747	14.08.2009	23:21:00	35.01	   19.013	  0	38.11	13.00		
 748	15.08.2009	03:25:00	36.93	   13.295	  0	38.42	16.00		
 749	15.08.2009	03:52:00	26.29	  624.211	  0	38.36	131.00		
 750	15.08.2009	13:37:20	36.81	   11.780	  0	38.67	11.00		
 751	15.08.2009	15:12:00	37.00	   13.008	  0	39.04	13.33		
 752	15.08.2009	19:54:00	28.04	  316.864	  0	38.48	79.00		
 753	15.08.2009	23:52:00	35.07	   36.032	  0	38.17	40.33		
 754	16.08.2009	09:32:00	33.27	   68.964	  0	39.10	32.00		
 755	16.08.2009	11:36:00	27.73	  141.549	  0	38.05	42.00		
 756	16.08.2009	17:10:40	26.55	  191.508	  0	38.17	51.67		
 757	16.08.2009	22:04:00	35.82	    6.475	  0	37.37	10.33		
 758	17.08.2009	01:34:40	36.07	   10.653	  0	37.49	16.00		
 759	17.08.2009	06:03:40	33.02	   48.521	  0	37.74	33.00		
 760	17.08.2009	10:37:00	26.67	  155.458	  0	37.99	38.33		
 761	17.08.2009	17:13:00	33.27	   54.109	  0	37.80	40.00		
 762	17.08.2009	20:59:40	34.76	   30.036	  0	38.11	22.33		
 763	18.08.2009	00:25:40	35.57	   11.119	  0	37.24	13.67		
 764	18.08.2009	05:06:00	34.52	   22.632	  0	37.55	19.00		
 765	18.08.2009	06:33:40	35.94	   13.478	  0	37.74	17.67		
 766	18.08.2009	07:55:40	36.62	   10.193	  0	37.80	17.33		
 767	18.08.2009	08:19:40	29.23	   98.460	  0	37.92	33.00		
 768	18.08.2009	11:41:20	27.73	  115.909	  0	38.17	36.00		
 769	18.08.2009	12:27:20	23.98	  255.654	  0	37.86	62.67		
 770	18.08.2009	16:26:00	36.19	   11.380	  0	37.99	10.67		
 771	18.08.2009	19:13:20	30.72	  118.815	  0	37.86	47.67		
 772	18.08.2009	21:12:40	35.51	   30.201	  0	37.74	22.33		
 773	19.08.2009	00:06:20	37.24	    5.548	  0	38.23	 9.00		
 774	19.08.2009	01:30:00	36.07	   10.818	  0	37.61	15.00		
 775	19.08.2009	06:50:40	36.19	   18.520	  0	38.54	15.67		
 776	19.08.2009	10:50:20	32.47	   62.768	  0	38.11	37.00		
 777	19.08.2009	15:07:40	32.53	   49.288	  0	38.67	21.67		
 778	19.08.2009	16:01:20	31.53	   68.357	  0	38.54	36.00		
 779	19.08.2009	18:34:20	27.67	  144.103	  0	37.92	44.67		
 780	20.08.2009	06:32:40	35.88	   13.292	  0	37.74	19.00		
 781	20.08.2009	09:56:40	27.04	  168.732	  0	38.05	47.00		
 782	20.08.2009	10:43:20	32.28	  158.671	  0	37.99	55.67		
 783	20.08.2009	11:39:00	27.61	  345.300	  0	37.49	85.67		
 784	20.08.2009	16:32:20	36.37	   45.714	  0	38.54	38.00		
 785	20.08.2009	22:38:00	37.18	    7.984	  0	38.17	14.00		
 786	21.08.2009	02:47:00	27.17	  181.285	  0	37.43	52.00		
 787	21.08.2009	04:00:00	37.99	    5.137	  0	39.22	 6.33		
 788	21.08.2009	04:10:00	35.63	  147.107	  1	39.47	82.67		3080.00	37.18	31.707	
 789	21.08.2009	19:47:40	35.13	   47.204	  0	37.37	40.67		
 790	22.08.2009	10:19:40	30.72	  357.903	  0	38.11	95.67		
 791	22.08.2009	12:20:20	25.17	  672.196	  0	37.74	152.33		
 792	23.08.2009	11:03:40	31.10	  381.393	  1	40.52	89.67		3420.00	37.00	 2.246	
 793	23.08.2009	13:29:00	22.73	  439.424	  0	39.72	71.67		
 794	23.08.2009	16:43:00	37.49	   35.698	  0	39.78	30.00		
 795	24.08.2009	11:06:00	34.64	  111.397	  0	37.18	78.33		
 796	24.08.2009	17:49:00	30.79	  302.273	  0	37.80	138.33		
 797	25.08.2009	17:17:20	30.16	  259.742	  0	38.42	79.67		
