#	Onset		MinTemp	Integral	#SmallDrops	Onset temp.	Duration	Comment	Int. drop 1			Int. drop 2			Int. drop 2			Int. drop 3			Int. drop 4			Int. drop 5			Int. drop 6			Int. drop 7	
 798	13.08.2009	14:06:20	37.22	   12.144	  0	39.32	 9.00		
 799	13.08.2009	16:17:40	37.35	    5.317	  0	38.71	 5.00		
 800	14.08.2009	05:11:00	37.04	    4.434	  0	38.27	 4.67		
 801	14.08.2009	08:41:00	35.98	   10.419	  0	37.78	13.33		
 802	14.08.2009	09:58:00	22.89	  420.462	  3	37.96	76.33		600.00	23.32	 0.899	1680.00	29.64	51.997	5280.00	37.10	 0.145	
 803	14.08.2009	11:26:00	36.04	    8.406	  0	37.53	12.00		
 804	14.08.2009	12:45:20	27.83	   61.827	  0	37.10	18.33		
 805	14.08.2009	13:03:40	31.57	   40.344	  0	36.17	18.67		
 806	14.08.2009	13:53:00	28.39	  120.349	  0	37.41	28.67		
 807	14.08.2009	14:21:40	32.51	   69.613	  0	37.35	32.67		
 808	14.08.2009	14:54:20	27.77	  413.425	  2	37.10	114.33		1640.00	31.32	97.314	8880.00	36.35	 0.599	
 809	14.08.2009	17:22:20	28.02	  181.448	  0	38.15	41.67		
 810	15.08.2009	10:46:40	31.38	  118.737	  2	39.14	30.00		800.00	33.50	33.249	1800.00	36.66	 0.433	
 811	15.08.2009	11:16:40	34.80	   21.820	  0	37.96	17.00		
 812	15.08.2009	12:41:40	25.77	  105.801	  0	38.58	25.67		
 813	15.08.2009	13:18:20	35.86	   22.724	  0	37.96	24.00		
 814	15.08.2009	13:51:00	32.44	   47.609	  0	38.27	24.33		
 815	15.08.2009	16:53:40	31.63	   51.918	  0	38.34	18.00		
 816	16.08.2009	07:19:00	32.38	   40.007	  0	38.09	13.00		
 817	16.08.2009	07:32:00	32.63	   44.890	  0	37.04	22.33		
 818	16.08.2009	07:54:20	23.51	  145.187	  1	36.60	25.67		340.00	25.14	 3.313	
 819	16.08.2009	09:00:20	22.01	  235.480	  0	37.96	57.33		
 820	16.08.2009	10:33:00	29.45	   73.704	  0	38.34	16.33		
 821	16.08.2009	10:49:20	25.83	  383.456	  0	36.97	67.00		
 822	16.08.2009	14:46:40	33.44	  188.831	  0	38.58	84.67		
 823	16.08.2009	18:53:20	35.18	  179.415	  0	39.51	97.33		
