#	Onset		MinTemp	Integral	#SmallDrops	Onset temp.	Duration	Comment	Int. drop 1			Int. drop 2			Int. drop 2			Int. drop 3			Int. drop 4			Int. drop 5			Int. drop 6			Int. drop 7	
  88	08.05.2009	16:57:00	25.67	  173.276	  1	39.35	47.00		440.00	29.10	 2.554	
  89	08.05.2009	22:47:20	34.33	   27.877	  0	37.49	20.67		
  90	09.05.2009	04:37:00	36.50	   37.539	  0	38.23	36.00		
  91	09.05.2009	06:27:00	37.18	    5.361	  0	38.23	 9.33		
  92	09.05.2009	08:53:20	37.49	    7.207	  0	38.54	17.00		
  93	09.05.2009	09:51:40	38.17	   12.928	  0	39.84	10.33		
  94	09.05.2009	12:13:00	33.40	   36.692	  0	38.30	29.33		
  95	09.05.2009	12:42:20	30.54	   54.426	  0	38.23	21.00		
  96	09.05.2009	13:16:20	34.33	   21.065	  0	37.68	14.33		
  97	09.05.2009	14:41:00	38.05	    3.817	  0	38.85	10.67		
  98	09.05.2009	18:26:40	35.51	   37.860	  0	38.05	33.00		
  99	09.05.2009	19:45:20	36.19	   21.752	  0	37.80	22.00		
 100	09.05.2009	20:52:40	36.37	   36.402	  0	38.30	36.67		
 101	09.05.2009	21:37:00	36.81	   10.285	  0	37.99	18.67		
 102	09.05.2009	22:21:00	36.81	    6.342	  0	38.05	 9.33		
 103	09.05.2009	23:01:40	37.86	    6.433	  0	38.67	16.33		
 104	09.05.2009	23:26:00	37.31	   66.627	  0	38.91	77.33		
 105	10.05.2009	03:35:20	34.14	   26.033	  0	38.05	25.33		
 106	10.05.2009	04:59:00	34.51	   19.149	  0	37.99	17.00		
 107	10.05.2009	05:25:00	35.07	   24.142	  0	38.11	28.67		
 108	10.05.2009	05:53:40	35.69	   15.056	  0	37.99	21.00		
 109	10.05.2009	07:26:00	36.13	   17.233	  0	38.48	28.67		
 110	10.05.2009	08:45:20	37.43	    7.651	  0	38.42	23.67		
 111	10.05.2009	09:09:00	35.82	   20.250	  0	38.36	25.00		
 112	10.05.2009	10:13:20	36.87	   11.977	  0	38.60	22.00		
 113	10.05.2009	11:00:40	37.24	    6.087	  0	38.48	13.00		
 114	10.05.2009	11:59:40	36.87	    7.315	  0	38.05	15.00		
 115	10.05.2009	12:18:40	36.75	    8.063	  0	38.17	 8.67		
 116	10.05.2009	15:22:20	34.45	   21.054	  0	38.23	18.33		
 117	10.05.2009	17:02:20	12.85	  639.187	  0	38.11	122.33		
 118	11.05.2009	01:36:20	25.17	  213.838	  0	39.22	59.00		
 119	11.05.2009	15:15:40	34.76	   27.406	  0	38.54	11.33		
 120	11.05.2009	15:59:00	22.54	  707.608	  0	40.40	115.33		
 121	11.05.2009	22:26:20	36.50	   74.224	  0	39.47	41.00		
 122	12.05.2009	05:43:20	34.14	   57.240	  0	37.24	25.67		
 123	12.05.2009	11:43:20	26.23	  255.243	  0	38.23	68.33		
 124	12.05.2009	23:18:40	30.47	   72.397	  0	40.46	15.33		
 125	13.05.2009	04:46:40	37.24	   10.151	  0	37.99	32.33		
 126	13.05.2009	07:34:00	28.17	  330.887	  0	38.48	74.67		
 127	13.05.2009	10:08:40	37.06	   14.966	  0	38.67	31.67		
 128	13.05.2009	11:03:00	36.56	   17.851	  0	38.91	24.67		
 129	13.05.2009	16:16:20	36.00	   57.201	  0	40.03	28.00		
 130	13.05.2009	16:58:20	35.38	  228.507	  0	39.29	113.33		
 131	14.05.2009	11:09:00	26.92	  100.463	  0	38.54	48.00		
 132	14.05.2009	14:10:20	26.80	  156.402	  0	38.23	52.33		
 133	15.05.2009	01:13:40	36.93	    5.700	  0	37.99	10.00		
