#	Onset		MinTemp	Integral	#SmallDrops	Onset temp.	Duration	Comment	Int. drop 1			Int. drop 2			Int. drop 2			Int. drop 3			Int. drop 4			Int. drop 5			Int. drop 6			Int. drop 7	
 373	03.06.2009	18:03:40	34.54	  174.876	  1	40.12	73.00		3180.00	35.04	26.707	
 374	03.06.2009	20:48:00	36.84	    7.920	  0	38.57	 8.67		
 375	03.06.2009	22:03:40	35.78	   27.443	  0	38.82	27.33		
 376	04.06.2009	00:52:00	36.34	   13.953	  0	38.32	12.67		
 377	04.06.2009	02:33:00	36.16	   20.229	  0	38.51	22.00		
 378	04.06.2009	03:33:20	34.54	   26.462	  0	38.08	26.00		
 379	04.06.2009	04:28:00	34.67	   25.649	  0	38.14	26.33		
 380	04.06.2009	08:46:00	36.90	    4.729	  0	37.95	 8.67		
 381	04.06.2009	09:38:20	29.62	  120.586	  0	38.63	26.67		
 382	04.06.2009	10:51:40	34.79	   60.516	  0	39.13	41.67		
 383	04.06.2009	12:14:20	37.58	    8.469	  0	39.50	12.33		
 384	04.06.2009	13:34:40	36.65	   17.943	  0	39.99	12.00		
 385	04.06.2009	13:46:20	35.78	   28.362	  0	39.68	14.67		
 386	04.06.2009	14:31:00	26.81	  412.928	  0	39.62	123.67		
 387	04.06.2009	16:55:00	32.12	   98.053	  0	38.88	59.67		
 388	04.06.2009	19:56:00	37.89	  161.906	  0	38.88	189.33		
 389	04.06.2009	23:17:00	36.77	   11.436	  0	38.45	18.33		
 390	05.06.2009	00:54:40	37.46	    5.852	  0	38.45	 9.33		
 391	05.06.2009	05:04:00	35.16	   52.272	  0	39.00	31.67		
 392	05.06.2009	12:04:40	33.61	  222.135	  0	38.69	122.00		
 393	06.06.2009	00:03:40	32.18	   46.256	  0	38.20	22.67		
 394	06.06.2009	09:04:00	33.24	   50.718	  0	38.57	19.00		
 395	06.06.2009	13:56:00	25.37	  368.954	  0	38.45	90.00		
 396	06.06.2009	16:13:20	33.80	  530.858	  0	38.88	165.00		
 397	07.06.2009	09:03:00	36.47	   10.006	  0	38.20	12.00		
 398	07.06.2009	10:23:40	26.06	  246.003	  0	37.58	42.00		
 399	07.06.2009	11:05:20	27.69	  147.031	  0	36.03	36.33		
 400	07.06.2009	12:55:20	35.04	   27.846	  0	38.20	21.67		
 401	07.06.2009	13:17:00	31.43	   70.683	  0	37.83	33.33		
 402	07.06.2009	14:20:40	30.12	  286.318	  0	39.68	66.00		
 403	07.06.2009	16:34:40	28.44	  169.237	  0	38.82	32.00		
 404	07.06.2009	17:06:40	32.24	   46.785	  0	37.08	20.67		
 405	07.06.2009	17:28:40	31.99	   58.285	  0	37.21	30.33		
 406	07.06.2009	18:21:40	26.25	  517.253	  2	38.01	107.67		2280.00	32.68	 9.540	3140.00	29.75	67.260	
 407	08.06.2009	00:48:40	24.05	  628.059	  3	38.51	102.00		760.00	25.24	53.678	1640.00	24.49	119.909	6900.00	38.26	 0.021	
 408	08.06.2009	02:44:00	31.43	  208.146	  0	38.26	100.00		
 409	08.06.2009	06:17:20	31.93	   90.362	  0	38.45	51.33		
 410	08.06.2009	08:31:20	21.60	  739.319	  1	38.08	101.67		1940.00	24.68	26.358	
 411	08.06.2009	11:08:20	29.06	   99.401	  0	37.27	37.67		
 412	08.06.2009	12:05:40	28.00	  382.842	  0	38.14	121.33		
 413	09.06.2009	00:26:20	31.74	   84.411	  0	37.95	46.00		
 414	09.06.2009	05:24:00	24.18	  854.393	  0	39.00	138.00		
 415	09.06.2009	09:22:20	33.92	   36.720	  0	38.76	25.67		
 416	09.06.2009	11:55:20	32.93	   66.584	  0	39.00	38.00		
 417	09.06.2009	13:29:20	32.80	   56.840	  0	38.45	41.00		
 418	09.06.2009	15:11:20	34.92	   36.040	  0	38.45	26.67		
 419	09.06.2009	22:11:20	36.16	   21.062	  0	38.14	22.00		
 420	10.06.2009	05:15:20	36.59	   27.742	  0	38.32	38.67		
 421	10.06.2009	08:57:40	21.09	 1098.601	  0	38.82	187.00		
 422	11.06.2009	07:18:00	34.23	   28.922	  0	38.01	17.67		
 423	11.06.2009	11:44:40	28.75	  134.674	  0	38.14	27.33		
 424	11.06.2009	12:31:00	30.50	   77.900	  0	37.08	25.00		
 425	11.06.2009	12:56:00	29.00	  347.520	  0	35.91	99.00		
 426	11.06.2009	19:00:00	36.16	    7.967	  0	37.70	10.67		
 427	11.06.2009	19:32:20	34.73	   82.147	  0	37.95	67.67		
 428	12.06.2009	01:06:40	26.25	  277.003	  0	38.32	77.00		
 429	12.06.2009	04:09:20	31.43	   98.241	  0	37.89	40.67		
 430	12.06.2009	06:14:00	28.62	  269.562	  0	38.14	79.00		
 431	12.06.2009	08:19:20	30.75	  138.412	  0	38.38	64.33		
 432	12.06.2009	12:22:20	25.81	  272.669	  0	38.20	88.33		
 433	12.06.2009	16:48:00	22.98	  522.854	  1	38.32	106.33		1820.00	26.68	38.471	
 434	12.06.2009	19:54:20	23.86	  444.577	  0	39.19	55.00		
 435	13.06.2009	05:51:20	29.19	  669.487	  0	38.63	186.67		
 436	13.06.2009	13:02:00	34.54	   57.121	  0	37.08	39.67		
 437	14.06.2009	16:06:00	27.62	  374.228	  1	38.26	88.00		660.00	27.81	 0.397	
 438	14.06.2009	19:29:00	37.46	   14.105	  0	38.94	18.67			
