#	Onset		MinTemp	Integral	#SmallDrops	Onset temp.	Duration	Comment	Int. drop 1			Int. drop 2			Int. drop 2			Int. drop 3			Int. drop 4			Int. drop 5			Int. drop 6			Int. drop 7	
 258	04.06.2009	16:28:40	36.69	   10.277	  0	38.48	11.67		
 259	04.06.2009	16:56:20	11.52	  949.521	  0	38.54	122.00		
 260	05.06.2009	01:17:00	20.60	  372.706	  1	38.05	77.00		660.00	20.60	 2.196	
 261	05.06.2009	03:33:20	22.98	  295.241	  0	38.36	76.67		
 262	05.06.2009	06:24:40	22.85	  160.354	  0	38.30	41.00		
 263	05.06.2009	13:09:00	36.25	   10.128	  0	38.17	10.33		
 264	05.06.2009	13:42:00	33.58	   27.613	  0	37.68	21.67		
 265	05.06.2009	20:12:40	27.98	   87.121	  0	37.92	25.67		
 266	06.06.2009	02:19:40	34.14	   40.454	  0	38.17	43.67		
 267	06.06.2009	08:40:40	37.74	    5.962	  0	39.29	 7.00		
 268	06.06.2009	09:16:40	36.00	   25.890	  0	39.16	17.00		
 269	06.06.2009	11:00:40	35.01	   23.595	  0	38.97	15.00		
 270	06.06.2009	17:39:20	36.75	   30.546	  0	40.40	19.67		
 271	06.06.2009	17:59:00	23.79	  468.642	  0	40.03	71.67		
 272	06.06.2009	19:10:20	36.00	   14.605	  0	38.67	10.33		
 273	06.06.2009	19:26:20	37.68	    3.918	  0	38.79	 8.00		
 274	06.06.2009	19:52:40	37.30	    7.257	  0	38.67	13.00		
 275	06.06.2009	20:13:20	36.07	   24.115	  0	39.16	23.33		
 276	06.06.2009	20:40:40	36.50	   14.209	  0	39.10	13.00		
 277	06.06.2009	21:33:40	36.81	   12.861	  0	39.96	 7.33		
 278	06.06.2009	21:59:40	30.66	  323.000	  0	39.41	71.00		
 279	06.06.2009	23:25:20	36.81	    7.323	  0	37.74	16.00		
 280	06.06.2009	23:45:00	34.58	   33.856	  0	37.86	33.00		
 281	07.06.2009	00:49:20	37.00	    8.495	  0	38.17	10.67		
 282	07.06.2009	01:36:20	34.14	   33.374	  0	38.23	32.00		
 283	07.06.2009	03:04:40	35.69	   23.700	  0	38.42	28.33		
 284	07.06.2009	05:30:20	34.95	   36.606	  0	38.67	53.67		
 285	07.06.2009	06:29:00	34.83	   38.591	  0	38.73	32.67		
 286	07.06.2009	07:44:20	34.20	   34.477	  0	38.48	34.00		
 287	07.06.2009	20:19:40	35.94	   34.031	  0	39.59	22.00		
 288	08.06.2009	01:02:00	35.20	   16.215	  0	38.54	11.33		
 289	08.06.2009	04:55:40	33.03	   71.493	  0	39.78	27.67		
 290	08.06.2009	05:24:40	26.86	  362.192	  0	39.84	77.00		
 291	08.06.2009	06:56:00	36.62	   12.289	  0	39.35	11.33		
 292	08.06.2009	07:14:40	36.00	   33.289	  0	39.59	31.33		
 293	08.06.2009	08:54:20	35.45	  186.327	  0	40.09	69.00		
 294	08.06.2009	10:37:00	36.56	    8.217	  0	37.80	13.00		
 295	08.06.2009	11:53:40	35.32	   39.497	  0	38.67	40.67		
 296	08.06.2009	14:43:00	32.96	   40.366	  0	38.97	20.00		
 297	08.06.2009	21:20:40	36.81	   18.539	  0	39.04	21.00		
 298	09.06.2009	01:37:20	36.31	   21.954	  0	39.29	22.00		
 299	09.06.2009	07:55:20	37.06	   11.240	  0	39.16	12.67		
 300	09.06.2009	17:04:40	36.44	   21.010	  0	39.10	23.67		
 301	09.06.2009	19:43:00	36.25	   16.042	  0	39.10	14.67		
 302	09.06.2009	21:50:00	36.44	   14.924	  0	38.85	25.33		
 303	09.06.2009	23:29:20	36.00	   15.673	  0	38.54	16.67		
 304	10.06.2009	03:38:40	37.00	   15.525	  0	39.04	26.67		
 305	10.06.2009	04:51:20	38.05	    9.686	  0	40.09	 9.33		
 306	10.06.2009	05:14:20	26.92	  466.125	  1	39.66	94.33		5640.00	37.24	 0.433	
 307	10.06.2009	06:48:20	36.87	    9.506	  0	38.17	11.33		
 308	10.06.2009	07:29:00	36.50	   14.796	  0	38.36	18.33		
 309	10.06.2009	07:59:40	36.69	   15.226	  0	38.73	17.00		
 310	10.06.2009	08:22:20	35.45	   28.543	  0	38.85	24.00		
 311	10.06.2009	09:26:00	34.33	   44.948	  0	39.72	26.33		
 312	10.06.2009	10:57:40	34.08	   33.345	  0	39.04	24.33		
 313	10.06.2009	11:33:00	38.42	    3.831	  0	39.66	 4.67		
 314	10.06.2009	11:43:40	39.04	    2.800	  0	40.03	 6.00		
 315	10.06.2009	12:03:00	37.37	   27.379	  0	40.52	13.33		
 316	10.06.2009	12:34:20	33.71	  138.919	  0	39.78	52.67		
 317	10.06.2009	13:29:20	30.60	  386.287	  1	39.53	133.67		5520.00	36.75	 5.673	
 318	10.06.2009	16:01:20	38.23	    8.907	  0	39.22	14.00		
 319	10.06.2009	18:31:40	37.49	    8.021	  0	38.79	12.00		
 320	10.06.2009	21:45:40	36.37	   15.842	  0	38.79	16.33		
 321	11.06.2009	00:51:40	36.00	   20.729	  0	39.04	17.00		
 322	11.06.2009	05:18:40	36.25	    8.066	  0	38.60	13.33		
 323	11.06.2009	07:11:40	36.37	    8.912	  0	38.79	12.33		
 324	11.06.2009	11:10:40	36.75	    8.724	  0	39.22	 7.67		
 325	11.06.2009	14:53:00	38.17	    4.501	  0	39.29	11.33		
 326	11.06.2009	15:35:00	37.80	  111.920	  0	39.96	85.00		
 327	11.06.2009	18:21:20	33.27	   89.156	  0	38.85	48.67		
 328	11.06.2009	20:19:20	36.13	    7.985	  0	38.36	12.33		
 329	11.06.2009	23:45:40	35.76	   13.513	  0	38.23	23.33		
 330	12.06.2009	05:08:00	36.07	   15.706	  0	38.48	16.33		
 331	12.06.2009	06:16:20	36.07	   14.164	  0	38.42	21.67		
 332	12.06.2009	07:27:40	35.94	   14.958	  0	38.36	19.67		
 333	12.06.2009	09:54:00	37.30	    7.952	  0	38.54	16.67		
 334	12.06.2009	11:52:00	35.82	   31.935	  0	38.79	29.00		
 335	12.06.2009	16:00:20	26.67	  143.490	  0	40.40	28.33		
 336	12.06.2009	16:58:40	36.13	   15.491	  0	39.59	11.00		
 337	12.06.2009	17:11:00	37.00	    9.505	  0	39.78	 7.00		
 338	12.06.2009	17:44:00	36.50	   15.871	  0	39.66	13.67		
 339	12.06.2009	17:58:20	30.16	  312.184	  0	39.59	86.67		
 340	12.06.2009	20:04:40	37.24	   13.088	  0	40.15	 6.67		
 341	12.06.2009	20:34:40	35.82	   19.560	  0	38.91	15.33		
 342	13.06.2009	02:40:00	35.63	   22.233	  0	39.22	33.00		
 343	13.06.2009	05:23:20	35.01	   29.234	  0	39.16	31.67		
 344	13.06.2009	07:31:40	36.93	    8.623	  0	38.91	11.67		
 345	13.06.2009	09:39:40	36.00	   13.523	  0	38.54	19.00		
 346	13.06.2009	15:34:20	36.19	   21.210	  0	38.97	21.00		
 347	13.06.2009	19:09:00	34.95	   22.223	  0	38.73	18.67		
 348	13.06.2009	20:27:20	35.13	   21.387	  0	38.67	30.67		
 349	14.06.2009	01:31:40	35.38	   23.534	  0	38.60	31.67		
 350	14.06.2009	04:42:20	35.51	   20.155	  0	38.79	17.33		
 351	14.06.2009	07:27:20	34.58	   28.968	  0	38.60	29.00		
 352	14.06.2009	14:52:20	37.06	   12.914	  0	38.91	16.33		
 353	14.06.2009	20:20:40	34.14	   29.671	  0	38.30	29.00		
 354	15.06.2009	00:33:40	34.20	   25.339	  0	37.80	20.67		
 355	15.06.2009	01:14:20	35.01	   22.652	  0	38.11	25.33		
 356	15.06.2009	03:06:00	35.07	   17.119	  0	38.05	16.67		
 357	15.06.2009	04:29:40	37.43	    6.889	  0	38.73	 7.33		
 358	15.06.2009	07:05:00	34.70	   18.225	  0	37.37	21.33		
 359	15.06.2009	09:06:40	33.15	   32.005	  0	37.86	28.00		
 360	15.06.2009	11:57:20	34.83	   18.415	  0	38.48	16.00		
 361	15.06.2009	13:43:00	24.36	  824.458	  1	39.78	114.00		600.00	24.61	11.311	
 362	15.06.2009	17:40:20	35.13	   20.832	  0	38.42	19.33		
 363	16.06.2009	01:05:40	34.14	   46.216	  0	38.36	46.67		
 364	16.06.2009	06:57:40	28.29	  461.608	  1	38.60	117.00		1220.00	29.04	 5.730	
 365	16.06.2009	13:23:40	26.73	  383.869	  2	38.11	80.33		1380.00	29.42	20.266	4820.00	36.07	 0.495	
 366	16.06.2009	14:44:00	25.17	  212.795	  0	37.55	38.00		
 367	16.06.2009	15:22:00	26.42	  231.831	  0	37.18	48.67		
 368	16.06.2009	16:24:00	32.46	  186.729	  0	37.92	60.00		
 369	17.06.2009	03:28:20	24.92	  714.946	  0	38.17	136.00		
 370	17.06.2009	06:43:00	28.11	  360.379	  0	38.05	102.33		
 371	17.06.2009	09:51:40	33.65	   75.127	  0	37.43	43.67		
 372	17.06.2009	12:42:40	30.04	  376.928	  0	38.48	109.33		
