TYPE DATE.  Please use format: dd/mm/yy.
Do not use BACKSPACE key.  This is a terminal (not a word processor).
>14/05/09TYPE TIME (GMT  +/- 2 minutes). Please use format: hh:mm.
>22:11:30   Please wait for prompt ">".

The timer value is:  0008D 08H 27M 36S
07 92 0C 92 2A B2 15 15 2B 97 30 95 2C 14 15 15 5C 15 16 18 1A 9D 2C B0 1E 
11 10 06 93 7D 0D A2 09 95 29 02 FA FC 03 04 13 92 07 02 02 29 02 A1 07 03 
02 0A 8F 03 06 29 03 03 02 02 02 05 02 06 04 09 01 03 01 03 08 04 0A 0A 0A 
11 0F 0F 11 93 0D 92 07 03 92 0C 07 0C 93 05 29 01 04 02 87 02 19 A1 FA FC 
A8 20 93 20 21 20 17 15 16 03 06 82 01 29 04 05 14 94 14 0F 93 21 A6 1C 1F 
26 99 0C 95 2A 0C 7F 15 9C 04 06 06 29 99 FA FC AE 0D 06 01 A2 23 23 93 01 
31 94 5B 21 2D C3 13 13 12 11 11 11 11 11 11 11 2C 99 30 0D 11 11 11 10 10 
10 10 5F 97 19 1D 02 04 07 08 07 09 07 07 04 02 04 05 07 07 FA FC 16 18 17 
17 17 18 18 16 16 17 18 19 19 19 19 19 1A 19 18 18 17 A5 2C 97 


07 7F 00 69 40 FA FC 10 73 80 12 00 0C 80 06 00 02 80 02 00 09 81 4C 00 02 
80 6C 17 19 80 06 00 02 80 11 00 07 80 5E 00 30 80 09 00 06 80 AE 00 02 80 
55 00 02 80 17 06 5B 80 10 00 03 80 05 00 02 80 04 00 04 80 05 00 02 80 0F 
00 02 80 E5 00 08 80 4D 06 09 80 1A 00 02 80 63 00 02 80 02 00 04 80 3B 00 
02 81 1A 00 16 FB 04 60 86 95 1A 4F 80 15 00 08 80 03 00 04 80 2F 00 02 80 
CB 00 02 80 02 00 04 80 DB 00 04 80 A6 00 03 80 B7 00 12 81 46 00 02 80 0A 
00 03 80 4D 1D 2D 80 34 00 02 80 16 00 11 80 F7 01 B4 80 12 01 AC 80 2F 03 
6B 80 05 14 02 FB 05 D0 84 6F 00 02 80 15 02 4B 81 05 06 DC 80 2E 00 1D 80 
69 00 43 80 25 00 02 80 15 00 54 80 AA 00 02 80 12 00 18 80 18 00 2B 80 9A 
00 20 80 7D 00 1E 80 15 00 41 80 6A 00 35 80 6A 00 13 80 1D 00 24 80 42 00 
15 80 0B 00 03 80 46 00 1C 80 5F 00 2C 80 64 00 11 80 42 00 03 80 19 00 09 
80 28 00 19 80 53 00 03 80 37 00 1A 80 A8 00 37 80 9D 00 74 80 95 00 0C 80 
1F 00 25 80 04 00 02 80 78 00 02 80 4E 00 25 80 31 00 27 80 34 00 02 80 06 
00 0E 80 A5 00 24 80 6B 01 12 80 62 00 1B 80 4A 00 09 80 04 00 02 80 22 00 
03 80 04 00 12 80 0B 00 1E 80 52 00 16 80 16 00 31 80 04 00 08 80 0A 00 17 
80 23 00 0C 80 0B 00 B7 80 22 00 04 80 08 00 02 80 6A 00 02 80 3B 00 1D 81 
2F 00 23 80 E4 00 27 80 1C 00 DB 81 DF 00 08 80 47 00 6F FB 06 50 90 96 00 
02 80 07 00 05 80 1E 00 03 80 8B 00 0A 80 06 00 0F 80 77 03 5C FB 06 40 82 
20 07 DD 81 A2 00 02 80 08 00 03 FB 06 40 83 35 FA FC 81 F3 00 03 FB 06 50 
83 92 00 08 80 7E 00 02 80 56 00 02 80 04 00 08 80 2E 00 03 80 04 00 02 80 
3A 00 06 81 74 00 03 81 BA 00 02 FB 06 60 82 00 00 03 80 7A 00 03 80 51 16 
0E FB 05 C0 86 CB 00 05 80 0B 00 05 80 24 07 D2 80 58 15 6D 80 0E 00 09 80 
02 00 0A 80 AD 1F 03 80 23 00 47 80 98 09 0A 81 F1 00 08 80 1D 00 02 81 DF 
72 72 FA FC 7F 00 69 40 FA FC 28 E9 
The timer value is:  0008D 08H 27M 57S

You may type up to one line of text (eg. comments, recorder & animal ID, etc.).
>Jose wanderer, logger number 18
