y

TO RECEIVE THE DATA IT IS VERY IMPORTANT TO HAVE GOOD ELECTRICAL CONNECTION
     ***  DURING THE ENTIRE DATA TRANSFER!!!  ***


   ARE YOU READY (y/n)?>y
TYPE DATE.  Please use format: dd/mm/yy.
Do not use BACKSPACE key.  This is a terminal (not a word processor).
>14/05/09
TYPE TIME (GMT  +/- 2 minutes). Please use format: hh:mm.
>21:14
   Please wait for prompt ">".

The timer value is:  0008D 08H 28M 00S
07 94 2A B2 12 12 2B 97 30 95 2C 12 12 12 5B 09 A1 2B 05 9B 2A 92 03 92 29 
CC 4F A0 04 30 9A FA FC B2 23 08 7D 92 2C C4 16 0A 03 7E 03 08 05 29 09 19 
0B 1E 1E 95 1D 21 26 98 FA FC AF 25 1F 95 18 7B 03 02 12 C4 16 93 12 7F 0E 
A7 FA FC 92 2C A9 06 02 29 A6 01 31 93 5B 1E 2E C3 19 14 13 13 12 12 12 12 
12 13 2C 98 31 11 12 12 12 11 11 11 11 5E 98 16 1A 15 1A 1E 1E 1A 19 1B 1B 
14 16 1A 1C 1D 1A FA FC BA 2C 97 


07 7F 00 69 40 FA FC 6E E8 80 10 00 04 80 23 00 02 80 81 00 03 80 9C 06 A2 
80 7A 1B 0E 80 40 00 02 81 C6 00 1A 81 15 00 04 80 05 00 02 80 02 00 02 80 
03 00 0D 80 B2 00 02 80 C7 02 DB 80 4A 00 1D 80 2D 00 12 80 21 00 06 80 61 
00 02 80 06 00 03 80 0E 00 37 80 BB 00 28 80 E4 00 03 80 05 00 03 80 16 00 
44 80 DB 00 15 80 3A 00 02 80 04 00 02 80 23 00 11 80 6B 00 85 80 06 00 65 
80 06 00 57 80 D4 00 72 80 06 03 4E 80 B8 00 02 80 20 01 10 80 21 05 BB 80 
0B 00 0A 80 07 00 04 80 13 00 06 80 09 00 16 80 02 00 04 80 0A 00 0A 80 03 
00 08 80 06 00 11 80 06 00 13 80 08 00 06 80 06 00 06 80 4D 00 02 80 19 00 
25 80 12 00 6D 80 3F 01 08 80 04 00 65 80 5F 02 CB 80 0B 00 06 80 3A 00 F2 
80 07 03 EA 80 32 00 02 80 0F 01 A5 80 0D 00 09 80 14 00 42 80 08 01 62 80 
11 00 09 80 05 00 04 80 1B 00 02 80 3E 00 07 80 59 00 05 80 09 00 24 80 0F 
00 3F 80 05 00 27 80 05 00 13 80 27 00 09 80 03 00 14 80 3E 00 1E 80 0B 00 
07 80 5F 00 03 80 0F 00 08 80 21 00 0D 80 06 00 04 80 43 00 61 80 2A 00 68 
80 46 00 09 80 04 00 08 80 54 00 04 80 03 00 1F 80 3D 00 0D 80 0E 00 03 80 
23 00 13 80 10 00 0D 80 2B 00 7C 80 09 00 02 80 0F 00 06 80 29 00 63 80 0D 
00 02 80 15 00 09 80 26 00 02 80 03 00 0F 80 35 00 02 80 6A 00 02 80 1F 00 
06 80 08 00 04 80 03 00 05 80 3A 00 0E 80 1D 00 03 80 22 00 13 80 1A 00 0B 
80 0E 00 05 80 0A 00 02 80 14 00 03 80 41 00 08 80 11 00 10 80 0F 00 1A 80 
22 00 05 80 39 00 0C 80 29 00 35 80 34 00 03 80 30 00 07 80 23 00 10 80 16 
00 0D 80 45 00 06 80 06 00 07 80 06 00 17 80 1D 00 19 80 5A 00 02 80 15 00 
02 80 0E 00 05 80 31 00 34 80 1B 00 05 80 19 00 13 80 25 00 07 80 14 00 0A 
80 17 00 0A 80 30 00 0C 80 10 00 05 80 0E 00 1C 80 0F 00 08 80 15 00 02 80 
11 00 50 80 24 00 07 80 11 00 12 80 0B 00 03 80 47 00 15 80 2A 00 02 80 36 
00 36 80 47 00 04 80 05 00 02 80 57 00 19 80 3C 00 07 80 35 00 19 80 74 00 
2E 80 11 00 03 81 10 00 0C 80 C4 0B 4B 80 0B 0A A2 FA FC 0D 18 80 52 00 06 
80 73 0B AB 80 69 00 4B 80 0D 00 02 80 8F 00 3C 80 7A 00 02 80 2E 00 02 80 
59 00 07 80 04 00 47 80 53 01 02 80 27 01 0F 81 98 01 94 80 0C 0E 25 80 2D 
00 2B 80 A8 02 D5 80 1B 00 04 80 02 00 05 80 1B 00 43 80 17 00 1A 80 05 04 
3A 80 28 00 03 80 20 00 02 80 2C 00 07 80 82 00 23 80 19 04 41 80 8A 03 55 
80 DE 00 02 80 5E 00 0A 80 06 00 02 80 23 00 02 80 0C 00 04 80 04 00 02 80 
02 00 07 80 AD 00 02 80 11 00 02 80 21 00 04 80 76 0A 60 80 24 00 04 FB 04 
10 87 75 00 02 80 9A 00 02 80 47 04 75 80 08 00 30 80 14 00 02 80 0A 01 3C 
80 04 01 34 80 7A 00 0D 80 27 00 02 80 24 00 D1 81 06 00 03 80 A4 01 45 80 
A7 00 F3 80 06 00 03 80 0C 00 02 80 19 00 02 80 04 00 0D 80 04 00 03 80 10 
7F 00 02 67 FA FC 7F 00 69 40 FA FC 28 F1 
The timer value is:  0008D 08H 28M 27S

You may type up to one line of text (eg. comments, recorder & animal ID, etc.).
>Jose's wanderer logger number 20

Do you want to STOP COLLECTING DATA AND SEND THIS RECORDER TO SLEEP (y/n)?>